14
0 0 0 3.34758 9.61391 2.12604 1.65648 3.62197 1.61029 9.29198 7.67034 3.06788 2.11878 0
0 0 0 4.19265 8.32529 2.81123 2.11599 2.03812 3.6711 0 6.84732 1.4569 0 0
2.76183 0 0 8.30102 0 0 4.5216 1.92105 5.23297 5.54949 0 6.25693 0 0
8.00407 5.42264 3.43677 0 0 0 0 0 0 2.48671 0 1.50236 0 0
6.7645 0 2.70686 3.86271 0 0 2.10005 3.62702 0 3.92884 0 0 9.01158 3.67551
9.49608 0 0 0 9.2378 0 3.77569 5.82663 1.57207 7.71231 6.82907 5.62985 2.79506 9.90194
0 0 0 0 0 6.39245 0 6.92345 9.02301 7.54956 0 8.62763 0 4.48264
0 6.42884 6.00914 0 3.20395 9.07254 0 0 0 5.29702 0 0 0 0
0 0 4.55425 4.29892 0 3.77375 6.32131 3.1293 0 5.94897 0 0 0 7.61537
9.58808 8.8469 9.14835 0 4.16768 0 9.98324 0 0 0 1.09407 1.02934 1.39943 8.68289
4.52908 0 0 9.9083 0 0 5.2844 0 0 0 0 5.8771 0 0
2.16114 0 4.97934 0 0 2.58224 4.79202 8.5598 0 5.96923 0 0 1.97566 2.61695
3.67506 1.3601 0 0 2.58945 0 0 6.70974 0 0 0 4.93148 0 1.64015
0 0 0 0 3.21754 8.5263 7.46033 2.80593 6.74065 1.14201 5.62948 0 0 0
