14
0 9.5128 3.81942 0 0 5.54291 6.77708 0 0 0 7.04554 9.08533 8.60973 9.58197
4.57781 0 9.22523 0 3.69721 0 8.89969 0 0 5.96019 0 8.98472 6.86213 4.14932
3.74828 0 0 2.37053 8.66725 7.72438 4.06506 1.03313 0 0 0 7.43208 7.17773 0
1.7523 0 3.61201 0 8.76337 3.31446 4.77275 0 0 0 7.71896 0 4.16586 7.1181
5.90988 0 1.98537 0 0 6.23058 5.04223 0 4.14343 1.54533 2.98382 9.8126 1.03353 6.10918
6.00641 4.32782 1.08174 6.46502 0 0 1.09061 2.87971 9.51474 8.28157 8.98452 7.38088 0 0
3.42193 5.29196 5.52631 7.98607 8.64379 5.0353 0 7.52998 6.90023 4.20252 7.33222 3.49227 8.44998 0
3.5857 2.82382 6.30291 0 9.6947 6.30161 0 0 7.33487 9.58966 0 9.43006 0 0
6.75048 8.88256 5.89422 0 0 9.22653 2.931 6.43432 0 3.28069 6.67052 3.99739 2.73986 7.38413
0 4.06604 1.39495 1.70677 2.75439 6.22664 5.3724 3.81923 4.51405 0 8.74716 2.38339 3.83353 0
4.05036 1.63243 8.59396 7.88146 5.39196 5.03247 0 1.55206 0 5.32697 0 4.82748 7.83649 2.02574
0 2.42202 5.02289 6.92335 0 1.98339 1.88881 5.04042 0 6.82266 7.48542 0 1.18638 0
3.22527 8.31448 0 0 3.3792 1.23822 0 3.73278 8.05942 6.31578 5.08701 0 0 0
8.98856 8.58174 1.3912 8.28293 6.43485 3.11892 0 8.17093 1.99821 0 9.36214 5.97591 8.05699 0
