13
0 0 0 8.37583 0 0 0 0 0 0 0 0 0
0 0 0 0 0 4.38458 0 0 0 0 0 0 0
0 5.33458 0 4.99674 0 9.11046 0 0 0 0 0 0 6.98786
0 0 8.78576 0 0 3.08637 0 7.66207 0 0 0 0 0
0 0 8.0467 9.52496 0 0 7.21158 0 0 0 0 7.45974 0
8.40588 0 0 0 0 0 0 0 0 0 8.64012 0 0
0 0 0 0 0 0 0 0 0 4.03587 0 0 0
0 5.42726 0 0 0 0 0 0 0 0 8.4053 8.38695 0
0 0 9.50155 2.46547 0 2.0186 0 6.29207 0 7.3501 2.9201 0 0
0 7.87496 0 0 8.81439 0 0 0 0 0 0 0 0
0 0 0 0 0 0 0 1.95642 1.71772 0 0 0 0
3.54368 0 0 0 0 0 0 0 0 0 0 0 0
0 4.62145 0 0 0 0 0 0 0 0 0 0 0
