10
0 0 2.96492 0 8.40764 2.06844 0 9.09933 0 7.12823
3.90018 0 0 0 5.28616 5.78276 0 3.97636 6.68261 1.56257
3.50145 4.79295 0 1.17937 0 1.72923 2.88176 0 5.59651 3.71449
9.4627 0 0 0 2.93985 0 2.20747 6.87204 6.8033 8.42973
0 4.512 4.95093 2.82917 0 0 0 4.73425 2.38835 5.39894
0 9.48941 0 1.8882 2.01915 0 0 0 5.35897 8.0977
0 2.83563 2.86897 8.98706 2.76637 6.71525 0 0 7.84481 7.92547
5.12308 6.61913 6.64474 5.94242 0 0 0 0 2.07878 9.32025
0 0 0 2.52592 0 0 3.65262 0 0 8.08688
8.50295 1.65257 3.67722 5.36526 3.22959 4.73147 4.76544 3.32066 3.89978 0
