12
0 2.73893 5.99073 5.49845 5.63211 6.56962 3.05669 2.11688 7.17525 4.74164 6.52313 3.55147
6.90091 0 0 2.9226 0 9.11112 2.99457 9.71034 8.48456 5.25392 1.75054 6.6726
4.21758 8.25604 0 5.99656 8.75688 5.96516 5.13713 4.69279 8.76182 5.89398 4.68359 6.74112
3.18561 5.60804 5.9765 0 9.23916 0 0 1.67564 0 5.51498 0 4.15468
7.99847 1.80399 5.50757 4.64326 0 4.8344 8.54315 1.86962 4.30263 8.02629 5.54547 7.23866
9.30314 8.54711 8.07966 9.55516 3.66478 0 5.37954 9.54636 2.09758 9.1356 5.82901 2.02553
3.73911 6.42094 6.37912 3.68157 1.90051 4.47346 0 4.98221 1.67401 3.24539 5.60374 4.60305
9.202 9.2861 8.21793 0 7.38678 3.16178 8.61779 0 4.97124 1.37503 4.68558 7.03981
6.74708 8.57325 3.9851 6.01916 7.82165 8.52111 3.71647 3.49958 0 9.24711 9.30644 4.9016
3.48696 2.84937 3.54565 7.40141 8.07683 0 1.6162 3.40304 1.0754 0 5.04126 3.95941
5.43973 5.9951 2.8557 7.98769 1.93137 0 5.83258 9.04162 8.92215 3.97402 0 2.51177
4.87958 6.00528 1.9036 0 7.20504 6.66581 9.62353 1.85499 4.77823 7.76419 7.87506 0
