11
0 1.89111 0 0 0 0 0 0 0 7.60239 6.34863
0 0 2.06431 0 0 1.8269 0 6.87042 0 0 5.38882
6.60721 9.40719 0 4.14794 0 0 6.92609 0 0 6.23052 0
0 0 0 0 8.78622 8.15571 0 9.96444 6.85719 0 0
0 1.36289 5.40873 9.53189 0 0 2.41685 0 4.1794 5.39099 0
0 8.00531 0 0 0 0 2.37628 0 2.43078 9.25162 0
2.9074 0 0 0 4.24602 0 0 3.59728 0 7.47245 6.42803
3.97003 0 9.59086 0 5.55736 0 0 0 8.74383 0 0
0 0 0 8.2841 0 2.64488 0 0 0 0 0
0 0 5.95097 6.26286 0 0 0 8.94558 0 0 7.38274
0 0 0 0 4.89179 5.1961 4.48131 0 4.72124 2.05974 0
