13
0 1.95322 3.22405 0 7.24144 0 7.61693 9.32816 0 9.30097 6.70442 0 1.92645
6.42823 0 8.49106 0 0 1.15921 9.52944 0 5.83813 3.85348 6.27083 9.40894 0
0 5.02075 0 9.40201 0 2.92682 0 8.87272 0 0 9.85953 0 8.65565
0 0 2.38328 0 8.03069 0 4.30002 0 9.61675 0 4.49826 2.88944 0
0 0 7.58425 0 0 2.12662 0 0 0 4.55643 0 1.9642 6.0858
0 5.35145 4.75785 7.89694 5.73901 0 1.23028 0 9.19468 0 5.37235 0 0
0 7.75718 8.83195 0 9.35045 3.90725 0 0 0 5.01175 8.64227 0 1.69361
6.7847 0 6.09613 6.90975 7.73497 0 8.5469 0 6.54164 0 9.58679 0 8.44434
9.25135 0 0 0 0 0 0 2.75273 0 0 9.532 0 1.21664
0 8.11063 0 0 0 8.47807 6.10884 8.69007 0 0 0 0 8.74076
0 2.63265 0 2.30096 9.22595 1.37109 5.34737 1.3696 0 2.65493 0 0 3.03188
0 4.49931 7.21811 0 1.21144 6.50749 0 0 0 3.6786 1.50137 0 5.57062
0 3.23099 9.23521 4.1981 0 0 0 0 9.39102 5.87774 0 0 0
