10
0 8.9224 3.661 8.42509 5.94206 9.49293 1.86635 0 5.13391 0
0 0 8.64976 1.99731 5.65942 7.57165 0 2.27155 4.58854 2.73737
0 3.57311 0 9.94083 4.91882 6.50854 0 6.47212 3.37126 6.98287
4.86076 2.22486 0 0 0 2.16501 2.62848 0 0 4.56641
6.36615 6.28122 0 4.6086 0 8.34282 6.17141 6.72992 6.10404 0
8.30804 3.98571 1.56593 4.05531 0 0 8.56079 0 2.43234 6.95435
6.68477 5.80506 0 3.78162 3.36407 4.87409 0 0 0 0
1.23645 5.89589 9.08348 0 7.99073 0 2.66727 0 0 0
0 0 0 0 6.83173 0 4.32621 7.58371 0 3.87153
4.64895 2.85273 8.43179 7.64806 2.46233 7.22845 3.0116 0 0 0
