15
0 8.25401 3.7832 3.94972 9.51453 6.6562 6.83408 3.31529 2.29846 9.10801 2.8937 8.13153 9.07142 2.64788 5.27161
3.46976 0 9.82147 9.85062 9.80969 6.03526 5.06961 0 5.91474 1.21682 8.07839 4.77083 7.8815 2.55983 0
2.71213 1.71983 0 7.27835 5.22166 9.7693 2.32215 3.68622 5.40835 6.12258 7.27539 4.69321 4.21023 8.93717 8.11682
4.94332 4.70081 9.80288 0 6.59529 1.7813 2.63684 9.12771 7.08755 3.62295 9.14833 3.6797 0 1.76868 1.5946
5.33485 8.83645 8.1922 8.1622 0 8.77354 3.89672 4.94648 6.04145 1.32629 3.9708 1.17144 2.53577 6.83596 9.32844
2.13637 2.67211 7.81303 0 9.05816 0 0 1.80376 5.76356 4.64576 3.0948 4.84576 4.03119 5.50204 5.91772
7.87115 3.82093 7.58094 8.56223 7.60284 4.89738 0 6.64398 2.9064 2.5979 0 1.08754 3.88007 7.28141 1.74526
9.09356 2.38561 6.70801 9.73853 5.36431 5.20378 5.9839 0 3.20202 4.3893 3.88185 3.97601 8.2019 2.04794 5.52982
8.55217 2.87923 8.80033 9.5008 9.41388 7.80545 6.14979 9.89814 0 1.60662 3.32018 3.24869 8.02051 2.79122 1.92683
3.49761 7.30977 2.07898 3.08495 6.91352 4.81419 6.45831 5.52864 4.60799 0 3.03007 3.65954 8.18824 4.08968 5.91291
1.01952 1.99297 1.21066 1.32164 0 8.03908 7.35115 1.65154 0 2.10098 0 4.03775 9.7892 2.01925 2.15248
2.42606 6.82744 6.75684 5.36054 2.69109 9.03557 0 9.24603 1.79938 7.63446 4.99295 0 2.33649 3.99629 3.10253
7.15547 5.12317 1.03667 7.35747 2.71114 4.14109 3.97757 3.44594 5.84384 2.14354 9.79841 9.11184 0 8.09906 5.06734
2.71542 2.67537 9.04363 3.78145 3.80576 2.46064 1.68472 8.12432 5.4595 8.33558 6.55573 9.86336 4.27376 0 9.09733
3.4214 7.19401 6.62571 6.47708 7.84271 1.07776 4.71315 4.77831 1.65919 0 3.30916 6.84454 9.90686 1.51117 0
