15
0 0 7.95427 5.69553 4.5902 1.46237 0 8.1637 0 0 6.4314 3.62407 9.43767 0 8.23387
0 0 0 9.23471 5.26981 3.72198 3.25844 7.66629 0 3.52012 7.08608 0 8.56605 8.68987 3.79702
9.38768 8.35158 0 1.65243 6.51142 5.75685 0 1.03866 2.71165 6.72195 0 9.87572 5.5778 4.62842 0
6.41133 7.76031 4.00897 0 0 0 0 1.97537 0 3.49594 2.19978 4.05652 7.35024 3.78182 0
6.56063 9.14091 1.55864 5.3138 0 1.99798 0 3.33622 0 6.34237 0 0 5.23486 8.57669 1.8263
6.18256 0 5.32738 3.20485 6.56183 0 3.24636 8.77967 7.50008 9.36078 4.15966 0 0 4.4107 6.76551
5.83794 6.35533 6.26296 9.37965 0 5.13606 0 6.28068 8.8087 1.26235 3.21317 2.47651 9.46947 7.00198 3.30537
1.80541 0 4.19029 0 0 0 9.89233 0 0 3.615 0 8.78211 3.29989 0 0
6.09191 5.11638 0 1.33086 7.82977 6.7102 5.02391 6.69866 0 0 2.93719 0 8.69603 0 0
0 8.12277 9.34556 9.86326 8.577 1.32586 9.53656 0 3.08551 0 8.44963 0 0 1.68219 5.0454
5.79549 0 5.43899 5.96523 5.16954 1.04488 6.94852 6.08831 4.96675 4.66814 0 0 7.47006 0 3.04132
0 0 0 6.03285 8.75513 7.42342 0 4.99441 9.05564 0 6.60334 0 5.08501 6.77818 0
6.68108 5.35092 2.87356 0 0 2.18587 1.60863 9.58877 0 6.54167 0 7.71376 0 0 9.11804
0 0 1.25114 0 0 0 2.16915 0 8.08187 0 9.58899 5.12713 0 0 3.77285
0 0 9.11098 8.80525 5.93241 6.82825 9.36028 6.9453 1.67326 0 0 6.19707 0 6.02928 0
