1 0.077 0.056
2 0.114 0.11
3 0.175 0.17
4 0.25 0.212
5 0.264 0.265
6 0.312 0.313
7 0.421 0.472
8 0.573 0.556
9 0.618 0.699
10 0.691 0.859
11 0.812 0.789
12 0.856 0.966
13 1.118 0.943
14 0.979 0.968
15 1.155 1.061
16 1.096 1.096
17 1.225 1.243
18 1.353 1.375
19 1.464 1.327
20 1.533 1.39
21 1.608 1.482
22 1.553 1.667
23 1.785 1.544
24 1.698 1.791
25 1.716 1.679
26 1.743 1.869
27 1.935 1.854
28 1.994 2.174
29 2.008 2.219
30 2.195 2.092
31 2.319 2.312
32 2.428 2.567
33 2.402 2.289
34 2.35 2.524
35 2.594 2.465
36 2.511 2.501
37 2.728 2.854
38 2.849 2.572
39 2.916 2.697
40 2.753 2.756
41 2.845 3.129
42 3.08 2.949
43 3.229 3.068
44 3.192 3.291
45 3.223 3.145
46 3.207 3.463
47 3.41 3.375
48 3.713 3.794
49 3.463 3.606
50 3.912 3.796
51 3.684 3.862
52 3.858 3.626
53 3.84 3.856
54 3.905 3.887
55 4.273 3.914
56 3.973 4.02
57 4.225 4.117
58 5.243 5.659
59 5.684 5.745
60 5.932 6.004
61 6.045 6.157
62 6.052 6.334
63 6.267 6.298
64 6.461 6.289
65 6.431 6.251
66 6.713 6.525
67 6.734 6.672
68 6.89 6.857
69 6.885 6.751
70 6.851 6.912
71 7.027 7.006
72 7.131 6.963
73 6.925 7.146
74 7.287 7.261
75 7.248 7.47
76 7.518 7.461
77 7.607 7.908
78 7.765 7.719
79 7.964 8.022
80 8.204 8.206
81 7.865 8.018
82 7.997 8.268
83 7.56 5.998
84 6.404 6.095
85 6.134 6.004
86 6.277 6.273
87 6.407 6.444
88 6.258 6.423
89 6.628 6.543
90 6.355 6.365
91 6.509 6.349
92 6.67 6.79
93 6.804 7.012
94 6.738 7.105
95 7.074 7.282
96 6.781 7.658
97 7.311 7.212
98 7.379 7
99 7.107 7.227
100 7.362 7.55
