0 35.1932 89.4057 19.735 45.0036 26.1604 11.7497 19.6186 87.4206 88.9323 62.9026 45.3154 53.3667 67.1017 21.9641 37.2311 36.9542 66.9614 13.6962 85.7701 43.6415 92.5449 10.2889 96.1109 23.8813 9.77546 49.7635 95.4481 25.6731 17.2767
35.1932 0 90.9332 44.2111 12.1343 64.1048 87.8916 35.7497 16.1994 43.9968 39.8878 9.28082 27.0882 73.3051 61.6846 37.3097 11.1413 76.232 25.8291 77.0262 33.2058 15.5559 99.881 6.57847 82.6774 17.1827 52.6265 87.9153 48.5865 59.7315
89.4057 90.9332 0 97.4854 54.1605 48.9713 45.464 45.5279 17.8788 34.5688 75.0273 83.7679 35.4757 28.6616 62.4008 85.7949 94.8743 30.9938 57.228 12.3983 35.6867 99.5771 98.9081 59.684 72.8562 62.6576 11.6511 66.5217 96.3309 33.8168
19.735 44.2111 97.4854 0 69.0746 17.6463 28.4314 56.0636 21.6359 82.3652 80.1754 51.7816 28.4732 27.409 76.0292 38.8533 37.1223 98.6618 96.6602 33.1705 45.7688 23.4362 95.784 19.5609 79.2931 16.2672 18.2161 85.1332 82.0772 28.2234
45.0036 12.1343 54.1605 69.0746 0 37.4208 71.5071 59.536 5.65415 44.1632 33.0709 68.8702 78.0269 43.4964 48.3137 11.4863 56.4076 76.8499 75.238 75.5839 42.5605 99.2056 8.62064 23.765 52.4033 32.6102 77.8771 47.2037 44.9093 3.3875
26.1604 64.1048 48.9713 17.6463 37.4208 0 40.435 21.6706 14.7758 63.2088 87.7216 41.575 42.9276 54.7036 50.4836 46.999 51.546 89.2851 28.9065 72.4727 10.5598 8.78801 10.366 16.4942 7.16624 22.1125 51.8349 57.5872 2.61244 49.2338
11.7497 87.8916 45.464 28.4314 71.5071 40.435 0 98.1755 70.9096 53.3873 29.309 41.6358 51.0785 37.4335 78.5939 8.31582 60.0121 3.16055 15.9493 68.2122 18.1678 66.2294 24.3573 44.1512 33.9155 39.5094 66.6625 84.6086 82.5775 87.094
19.6186 35.7497 45.5279 56.0636 59.536 21.6706 98.1755 0 50.1262 17.1013 30.2726 90.7344 42.9195 60.0012 63.588 91.7535 55.4241 13.2023 10.7784 10.8595 22.126 7.73961 44.842 43.9879 28.2453 76.598 39.8144 99.7084 12.3205 25.1624
87.4206 16.1994 17.8788 21.6359 5.65415 14.7758 70.9096 50.1262 0 50.413 90.2672 33.5658 44.7902 69.7551 6.0193 86.5358 60.793 72.7428 36.3253 61.513 1.64192 95.7705 23.0649 85.6804 85.8386 50.2004 91.0816 29.0248 99.6065 18.5461
88.9323 43.9968 34.5688 82.3652 44.1632 63.2088 53.3873 17.1013 50.413 0 64.5728 30.3038 92.063 39.0586 39.1535 91.5729 81.8496 25.5804 86.4521 80.9187 42.6956 19.1684 73.5395 85.2946 79.5218 9.69187 4.96369 73.6887 3.37794 13.6959
62.9026 39.8878 75.0273 80.1754 33.0709 87.7216 29.309 30.2726 90.2672 64.5728 0 98.1033 29.4831 85.6691 14.9384 9.30902 92.8298 62.0043 82.4929 1.61445 90.2919 95.7576 98.0007 41.794 69.657 73.8364 37.5455 97.8095 53.1376 94.4654
45.3154 9.28082 83.7679 51.7816 68.8702 41.575 41.6358 90.7344 33.5658 30.3038 98.1033 0 2.31167 58.0053 60.6465 34.7307 41.3566 63.2862 69.5908 70.4953 17.9066 62.535 30.6897 7.91076 82.1342 36.9597 96.1819 72.0908 49.1887 36.1092
53.3667 27.0882 35.4757 28.4732 78.0269 42.9276 51.0785 42.9195 44.7902 92.063 29.4831 2.31167 0 61.1861 75.0634 58.2122 93.856 82.304 51.9796 4.78348 36.0502 65.0114 31.8196 59.0468 25.6467 17.9703 9.55474 86.5275 39.8801 98.5362
67.1017 73.3051 28.6616 27.409 43.4964 54.7036 37.4335 60.0012 69.7551 39.0586 85.6691 58.0053 61.1861 0 74.3326 69.9762 30.2851 4.25705 84.8965 42.3555 19.3042 63.1481 26.8464 70.8219 52.1796 29.2011 94.7287 27.0069 37.3395 98.4006
21.9641 61.6846 62.4008 76.0292 48.3137 50.4836 78.5939 63.588 6.0193 39.1535 14.9384 60.6465 75.0634 74.3326 0 9.16231 81.8972 52.9894 58.6196 84.8884 18.099 38.3739 36.3402 15.8787 25.5617 83.7162 97.4998 90.0684 70.0913 66.2608
37.2311 37.3097 85.7949 38.8533 11.4863 46.999 8.31582 91.7535 86.5358 91.5729 9.30902 34.7307 58.2122 69.9762 9.16231 0 60.8647 42.8961 24.0273 74.5338 56.4313 72.3962 81.6675 3.43597 46.5217 26.9916 36.2546 1.20515 24.9754 73.2235
36.9542 11.1413 94.8743 37.1223 56.4076 51.546 60.0121 55.4241 60.793 81.8496 92.8298 41.3566 93.856 30.2851 81.8972 60.8647 0 70.1611 86.3395 78.3348 66.6774 19.391 1.23025 62.1719 30.3907 82.0109 26.7613 40.9972 5.92129 27.7027
66.9614 76.232 30.9938 98.6618 76.8499 89.2851 3.16055 13.2023 72.7428 25.5804 62.0043 63.2862 82.304 4.25705 52.9894 42.8961 70.1611 0 72.0214 49.4782 58.023 2.09166 29.8877 95.718 69.1606 22.3143 60.2214 49.1707 43.8908 78.1187
13.6962 25.8291 57.228 96.6602 75.238 28.9065 15.9493 10.7784 36.3253 86.4521 82.4929 69.5908 51.9796 84.8965 58.6196 24.0273 86.3395 72.0214 0 59.1636 77.0243 25.7476 79.1201 42.5834 20.6474 62.6186 8.40079 63.2331 30.2745 5.35434
85.7701 77.0262 12.3983 33.1705 75.5839 72.4727 68.2122 10.8595 61.513 80.9187 1.61445 70.4953 4.78348 42.3555 84.8884 74.5338 78.3348 49.4782 59.1636 0 80.5309 88.4946 42.6031 6.52195 9.6045 80.3279 13.353 69.8844 5.07273 93.0832
43.6415 33.2058 35.6867 45.7688 42.5605 10.5598 18.1678 22.126 1.64192 42.6956 90.2919 17.9066 36.0502 19.3042 18.099 56.4313 66.6774 58.023 77.0243 80.5309 0 67.5118 70.646 89.2872 89.0933 99.8426 29.9979 79.0456 1.24684 12.7346
92.5449 15.5559 99.5771 23.4362 99.2056 8.78801 66.2294 7.73961 95.7705 19.1684 95.7576 62.535 65.0114 63.1481 38.3739 72.3962 19.391 2.09166 25.7476 88.4946 67.5118 0 77.5546 29.5724 54.9298 13.9214 74.093 58.7629 21.5494 2.76199
10.2889 99.881 98.9081 95.784 8.62064 10.366 24.3573 44.842 23.0649 73.5395 98.0007 30.6897 31.8196 26.8464 36.3402 81.6675 1.23025 29.8877 79.1201 42.6031 70.646 77.5546 0 98.8113 91.1142 41.8835 55.3028 17.5611 1.79182 48.3184
96.1109 6.57847 59.684 19.5609 23.765 16.4942 44.1512 43.9879 85.6804 85.2946 41.794 7.91076 59.0468 70.8219 15.8787 3.43597 62.1719 95.718 42.5834 6.52195 89.2872 29.5724 98.8113 0 41.6401 94.291 21.9938 17.8938 48.9338 50.7376
23.8813 82.6774 72.8562 79.2931 52.4033 7.16624 33.9155 28.2453 85.8386 79.5218 69.657 82.1342 25.6467 52.1796 25.5617 46.5217 30.3907 69.1606 20.6474 9.6045 89.0933 54.9298 91.1142 41.6401 0 96.4439 99.72 18.788 29.1404 47.8143
9.77546 17.1827 62.6576 16.2672 32.6102 22.1125 39.5094 76.598 50.2004 9.69187 73.8364 36.9597 17.9703 29.2011 83.7162 26.9916 82.0109 22.3143 62.6186 80.3279 99.8426 13.9214 41.8835 94.291 96.4439 0 34.4117 80.3028 66.8305 62.8835
49.7635 52.6265 11.6511 18.2161 77.8771 51.8349 66.6625 39.8144 91.0816 4.96369 37.5455 96.1819 9.55474 94.7287 97.4998 36.2546 26.7613 60.2214 8.40079 13.353 29.9979 74.093 55.3028 21.9938 99.72 34.4117 0 4.414 55.1535 32.6374
95.4481 87.9153 66.5217 85.1332 47.2037 57.5872 84.6086 99.7084 29.0248 73.6887 97.8095 72.0908 86.5275 27.0069 90.0684 1.20515 40.9972 49.1707 63.2331 69.8844 79.0456 58.7629 17.5611 17.8938 18.788 80.3028 4.414 0 70.7318 9.02197
25.6731 48.5865 96.3309 82.0772 44.9093 2.61244 82.5775 12.3205 99.6065 3.37794 53.1376 49.1887 39.8801 37.3395 70.0913 24.9754 5.92129 43.8908 30.2745 5.07273 1.24684 21.5494 1.79182 48.9338 29.1404 66.8305 55.1535 70.7318 0 21.619
17.2767 59.7315 33.8168 28.2234 3.3875 49.2338 87.094 25.1624 18.5461 13.6959 94.4654 36.1092 98.5362 98.4006 66.2608 73.2235 27.7027 78.1187 5.35434 93.0832 12.7346 2.76199 48.3184 50.7376 47.8143 62.8835 32.6374 9.02197 21.619 0
