1e+09 8.37119 37.935 2.51454 23.7461 34.0737 15.9778 34.6757 28.1141 6.36948 1e+09 1e+09 1e+09 1e+09 1e+09 1e+09 1e+09 1e+09 1e+09 1e+09 1e+09 1e+09 1e+09 1e+09 1e+09 1e+09 1e+09 1e+09 1e+09 1e+09
25.4269 1e+09 30.4151 24.3415 21.44 43.9892 49.2469 15.5073 20.5685 45.9058 1e+09 1e+09 1e+09 1e+09 1e+09 1e+09 64.3046 1e+09 1e+09 1e+09 1e+09 1e+09 1e+09 1e+09 1e+09 1e+09 1e+09 1e+09 1e+09 1e+09
27.7134 23.2651 1e+09 31.1499 40.5543 35.1245 13.8539 3.72689 9.12406 33.368 1e+09 83.5452 1e+09 1e+09 1e+09 1e+09 1e+09 15.3756 50.4598 1e+09 16.8157 1e+09 1e+09 1e+09 45.0252 1e+09 1e+09 1e+09 1e+09 1e+09
23.8322 36.1343 32.0849 1e+09 16.0698 26.0539 38.6203 37.4265 39.8993 47.7998 1e+09 1e+09 1e+09 1e+09 1e+09 1e+09 1e+09 1e+09 1e+09 86.3167 46.1204 1e+09 1e+09 1e+09 1e+09 1e+09 1e+09 1e+09 1e+09 1e+09
40.294 41.2436 24.7002 47.2353 1e+09 19.386 3.34288 46.8138 30.1383 40.7228 1e+09 1e+09 1e+09 1e+09 1e+09 1e+09 1e+09 91.9942 1e+09 1e+09 7.60675 1e+09 1e+09 1e+09 89.7863 97.6403 1e+09 1e+09 1e+09 1e+09
7.4066 29.3652 24.8835 34.4805 8.4228 1e+09 1.75795 3.00652 43.6557 8.40949 1e+09 1e+09 1e+09 1e+09 1e+09 1e+09 1e+09 1e+09 1e+09 13.2174 1e+09 1e+09 1e+09 5.75057 1e+09 1e+09 20.9524 1e+09 90.1516 55.5927
46.4412 38.3856 33.7015 10.9111 34.861 32.6388 1e+09 24.2945 15.0524 14.2099 1e+09 1e+09 1e+09 1e+09 1e+09 1e+09 1e+09 1e+09 83.7679 1e+09 56.5366 1e+09 1e+09 1e+09 1e+09 1e+09 1e+09 1e+09 1e+09 1e+09
35.6344 48.3822 20.9919 31.8712 40.7767 48.1227 16.7648 1e+09 38.6223 11.7757 1e+09 1e+09 1e+09 1e+09 1e+09 1e+09 1e+09 1e+09 1e+09 22.5798 13.1171 1e+09 1e+09 1e+09 4.65213 1e+09 1e+09 1e+09 1e+09 1e+09
22.8961 1.53245 44.623 41.5777 38.02 7.6333 10.0122 46.6792 1e+09 45.1856 1e+09 1e+09 74.3974 82.4712 49.2028 16.7954 70.5826 37.0111 1e+09 1e+09 1e+09 1e+09 1e+09 1e+09 37.5182 1e+09 1e+09 1e+09 1e+09 1e+09
47.8027 49.9702 3.40415 27.5526 43.798 6.99706 26.5011 12.6557 43.6907 1e+09 1e+09 1e+09 1e+09 1e+09 1e+09 1e+09 1e+09 1e+09 10.9481 1e+09 1e+09 1e+09 1e+09 1e+09 50.0326 1e+09 25.8772 1e+09 1e+09 1e+09
1e+09 1e+09 1e+09 1e+09 1e+09 1e+09 1e+09 1e+09 1e+09 1e+09 1e+09 27.3257 40.6331 18.3085 20.3347 41.7167 45.5921 13.2072 29.7726 46.2076 1e+09 1e+09 79.4057 1e+09 1e+09 1e+09 49.2997 50.1523 1e+09 1e+09
1e+09 1e+09 83.5452 1e+09 1e+09 1e+09 1e+09 1e+09 1e+09 1e+09 30.7715 1e+09 2.98881 12.8903 5.1139 12.66 8.72301 47.0876 22.9766 13.5652 1e+09 1e+09 1e+09 1e+09 1e+09 1e+09 1e+09 1e+09 1e+09 1e+09
1e+09 1e+09 1e+09 1e+09 1e+09 1e+09 1e+09 1e+09 74.3974 1e+09 29.4047 14.8205 1e+09 6.88107 25.7156 27.9606 33.1214 19.6086 1.54489 36.4988 1e+09 1e+09 62.8152 1e+09 40.4855 1e+09 57.7427 1e+09 1e+09 39.978
1e+09 1e+09 1e+09 1e+09 1e+09 1e+09 1e+09 1e+09 82.4712 1e+09 3.90907 26.5194 15.4186 1e+09 41.503 22.6724 35.8248 24.1829 49.6324 46.9514 1e+09 1e+09 1e+09 1e+09 1e+09 1e+09 1e+09 1e+09 1e+09 1e+09
1e+09 1e+09 1e+09 1e+09 1e+09 1e+09 1e+09 1e+09 49.2028 1e+09 12.274 9.3548 11.0799 13.6592 1e+09 35.7364 6.0083 7.52021 8.5312 4.52455 1e+09 1e+09 1e+09 1e+09 1e+09 1e+09 58.8872 1e+09 1e+09 1e+09
1e+09 1e+09 1e+09 1e+09 1e+09 1e+09 1e+09 1e+09 16.7954 1e+09 46.8483 46.6455 29.4331 18.3951 17.7109 1e+09 49.2869 14.8929 4.97081 26.577 1e+09 1e+09 1e+09 1e+09 1e+09 1e+09 1e+09 1e+09 1e+09 1e+09
1e+09 64.3046 1e+09 1e+09 1e+09 1e+09 1e+09 1e+09 70.5826 1e+09 31.4681 25.2752 27.0871 41.951 47.9743 33.4595 1e+09 10.4246 43.7649 34.1478 1e+09 1e+09 77.0164 1e+09 69.3221 96.3843 1e+09 1e+09 1e+09 1e+09
1e+09 1e+09 15.3756 1e+09 91.9942 1e+09 1e+09 1e+09 37.0111 1e+09 26.3153 41.1332 45.5157 2.10312 36.1074 2.81136 13.9778 1e+09 24.5047 37.6203 1e+09 34.5187 1e+09 1e+09 1e+09 1e+09 72.2669 37.0365 1e+09 1e+09
1e+09 1e+09 50.4598 1e+09 1e+09 1e+09 83.7679 1e+09 1e+09 10.9481 14.7759 7.00543 12.6345 44.5583 11.3879 35.6875 43.8761 14.0584 1e+09 16.2721 1e+09 1e+09 1e+09 1e+09 82.8971 17.528 1e+09 1e+09 1e+09 1e+09
1e+09 1e+09 1e+09 86.3167 1e+09 13.2174 1e+09 22.5798 1e+09 1e+09 35.3498 14.4234 41.5906 4.32811 45.6053 23.4801 25.3958 42.5312 13.9102 1e+09 1e+09 1e+09 1e+09 1e+09 1e+09 1e+09 1e+09 1e+09 1e+09 18.1223
1e+09 1e+09 16.8157 46.1204 7.60675 1e+09 56.5366 13.1171 1e+09 1e+09 1e+09 1e+09 1e+09 1e+09 1e+09 1e+09 1e+09 1e+09 1e+09 1e+09 1e+09 9.95505 25.5717 15.5891 15.2438 29.2752 9.78096 20.7417 15.8519 45.852
1e+09 1e+09 1e+09 1e+09 1e+09 1e+09 1e+09 1e+09 1e+09 1e+09 1e+09 1e+09 1e+09 1e+09 1e+09 1e+09 1e+09 34.5187 1e+09 1e+09 16.1965 1e+09 28.387 40.6526 31.7448 7.86924 33.1617 30.4841 18.9407 42.5552
1e+09 1e+09 1e+09 1e+09 1e+09 1e+09 1e+09 1e+09 1e+09 1e+09 79.4057 1e+09 62.8152 1e+09 1e+09 1e+09 77.0164 1e+09 1e+09 1e+09 20.1332 9.1589 1e+09 16.4714 21.8929 44.8606 2.98643 35.3672 44.7345 4.14029
1e+09 1e+09 1e+09 1e+09 1e+09 5.75057 1e+09 1e+09 1e+09 1e+09 1e+09 1e+09 1e+09 1e+09 1e+09 1e+09 1e+09 1e+09 1e+09 1e+09 21.1112 13.8075 36.6389 1e+09 49.5286 49.8022 35.5727 12.356 24.486 8.24753
1e+09 1e+09 45.0252 1e+09 89.7863 1e+09 1e+09 4.65213 37.5182 50.0326 1e+09 1e+09 40.4855 1e+09 1e+09 1e+09 69.3221 1e+09 82.8971 1e+09 2.42913 19.3307 41.1656 40.8334 1e+09 32.5732 34.6345 6.65759 2.96231 3.3631
1e+09 1e+09 1e+09 1e+09 97.6403 1e+09 1e+09 1e+09 1e+09 1e+09 1e+09 1e+09 1e+09 1e+09 1e+09 1e+09 96.3843 1e+09 17.528 1e+09 49.3999 46.2436 9.47868 38.0826 18.157 1e+09 23.9065 43.2069 18.9633 44.2481
1e+09 1e+09 1e+09 1e+09 1e+09 20.9524 1e+09 1e+09 1e+09 25.8772 49.2997 1e+09 57.7427 1e+09 58.8872 1e+09 1e+09 72.2669 1e+09 1e+09 17.8452 21.3002 6.13408 37.6877 29.2955 2.32092 1e+09 11.5641 40.26 39.8196
1e+09 1e+09 1e+09 1e+09 1e+09 1e+09 1e+09 1e+09 1e+09 1e+09 50.1523 1e+09 1e+09 1e+09 1e+09 1e+09 1e+09 37.0365 1e+09 1e+09 4.14746 37.9125 32.4503 37.2293 45.5304 33.5555 12.9378 1e+09 12.3574 38.3526
1e+09 1e+09 1e+09 1e+09 1e+09 90.1516 1e+09 1e+09 1e+09 1e+09 1e+09 1e+09 1e+09 1e+09 1e+09 1e+09 1e+09 1e+09 1e+09 1e+09 26.0892 8.67012 23.0366 33.9882 9.11015 1.73827 21.8412 42.8119 1e+09 35.7941
1e+09 1e+09 1e+09 1e+09 1e+09 55.5927 1e+09 1e+09 1e+09 1e+09 1e+09 1e+09 39.978 1e+09 1e+09 1e+09 1e+09 1e+09 1e+09 18.1223 30.0634 24.5993 20.3341 45.7815 21.7417 45.1021 41.7437 38.1406 30.84 1e+09
