0 965.731 618.658 748.677 223.714 422.741 1101.14 312.834 70.363 308.739 490.378 394.394 232.703 78.0168 859.954 544.84 905.132 389.109 283.472 618.48 626.944 664.019 1051.48 210.729 384.251 717.544 434.046 841.752 776.022 291.655
965.731 0 394.247 598.052 1112.57 927.439 227.796 1125.96 996.621 1051.21 644.531 610.813 965.204 1017.19 107.195 474.796 703.564 956.522 785.93 762.817 427.311 395.619 169.672 1043.21 889.507 531.757 611.011 468.82 398.533 748.567
618.658 394.247 0 315.254 733.344 534.516 592.811 736.664 635.005 659.563 254.155 230.667 577.889 682.914 307.283 82.013 483.157 735.962 398.731 674.055 355.55 67.6886 532.93 660.37 675.124 240.304 218.71 573.409 469.764 364.41
748.677 598.052 315.254 0 773.615 461.922 824.252 732.182 734.739 647.24 258.713 393.361 605.776 825.1 551.637 308.046 177.075 980.045 467.318 974.342 670.454 257.593 764.286 696.209 927.537 76.2281 334.277 884.674 781.238 457.49
223.714 1112.57 733.344 773.615 0 343.32 1272.49 107.547 155.581 155.795 536.566 504.306 168.375 254.421 1011.26 652.169 902.25 601.24 337.122 842.124 821.074 762.758 1218.82 77.7222 604.179 764.076 519.449 1049.08 975.486 369.026
422.741 927.439 534.516 461.922 343.32 0 1125.19 277.64 373.522 195.252 283.593 358.62 199.105 496.095 841.291 457.273 567.973 782.522 219.193 924.804 764.357 535.926 1065.96 273.911 756.399 473.166 329.368 1012.21 918.216 255.337
1101.14 227.796 592.811 824.252 1272.49 1125.19 0 1299.53 1142.34 1230.3 846.961 786.465 1137.87 1141.42 286.36 667.947 930.802 1013.12 962.117 762.818 492.084 607.665 60.7092 1208.61 947.558 756.178 798.947 408.304 388.113 922.322
312.834 1125.96 736.664 732.182 107.547 277.64 1299.53 0 242.486 84.9694 515.183 515.92 161.706 355.466 1028.63 654.657 845.594 699.239 340.082 924.449 869.123 757.023 1243.69 107.158 697.083 732.907 518.094 1105.6 1025.75 378.327
70.363 996.621 635.005 734.739 155.581 373.522 1142.34 242.486 0 242.213 479.853 405.449 176.351 126.08 892.265 557.514 883.719 458.34 268.19 687.047 677.26 674.761 1090.91 141.473 454.599 710.393 436.416 899.098 829.292 286.011
308.739 1051.21 659.563 647.24 155.795 195.252 1230.3 84.9694 242.213 0 432.363 444.069 101.709 366.431 955.778 577.734 762.445 697.033 268.184 898.386 813.809 676.967 1173.57 104.944 686.74 648.248 440.927 1054.9 970.972 308.26
490.378 644.531 254.155 258.713 536.566 283.593 846.961 515.183 479.853 432.363 0 159.858 369.192 566.513 561.306 182.921 423.013 739.121 211.726 782.602 539.384 252.488 787.076 459.102 692.079 231.015 98.0739 782.377 681.761 198.869
394.394 610.813 230.667 393.361 504.306 358.62 786.465 515.92 405.449 444.069 159.858 0 354.638 463.436 512.711 152.065 567.392 587.523 176.175 624.242 408.177 270.089 729.523 433.01 537.199 343.773 62.7069 655.938 560.24 137.796
232.703 965.204 577.889 605.776 168.375 199.105 1137.87 161.706 176.351 101.709 369.192 354.638 0 301.428 867.252 495.936 738.687 612.919 179.512 800.312 713.407 601.935 1081.99 90.6687 597.256 595.785 360.221 953.623 870.502 216.883
78.0168 1017.19 682.914 825.1 254.421 496.095 1141.42 355.466 126.08 366.431 566.513 463.436 301.428 0 910.532 611.733 982.699 347.248 361.075 606.291 658.077 731.313 1093.95 262.976 355.006 792.25 506.523 859.417 801.294 367.644
859.954 107.195 307.283 551.637 1011.26 841.291 286.36 1028.63 892.265 955.778 561.306 512.711 867.252 910.532 0 384.45 678.517 853.192 688.74 673.2 328.764 322.129 226.05 943.194 786.264 479.753 518.335 411.332 326.44 650.374
544.84 474.796 82.013 308.046 652.169 457.273 667.947 654.657 557.514 577.734 182.921 152.065 495.936 611.733 384.45 0 484.017 693.49 316.897 666.307 376.944 119.609 608.689 578.792 635.902 240.571 136.81 611.231 508.677 283.144
905.132 703.564 483.157 177.075 902.25 567.973 930.802 845.594 883.719 762.445 423.013 567.392 738.687 982.699 678.517 484.017 0 1154.88 621.663 1149.79 838.058 420.158 873.231 826.79 1103.37 244.942 506.779 1041.23 938.819 617.98
389.109 956.522 735.962 980.045 601.24 782.522 1013.12 699.239 458.34 697.033 739.121 587.523 612.919 347.248 853.192 693.49 1154.88 0 587.062 311.806 532.888 800.511 979.434 599.668 67.0317 924.955 648.744 649.031 628.941 569.314
283.472 785.93 398.731 467.318 337.122 219.193 962.117 340.082 268.19 268.184 211.726 176.175 179.512 361.075 688.74 316.897 621.663 587.062 0 706.398 558.842 425.657 905.463 262.346 552.783 442.543 182.448 804.958 715.288 41.2345
618.48 762.817 674.055 974.342 842.124 924.804 762.818 924.449 687.047 898.386 782.602 624.242 800.312 606.291 673.2 666.307 1149.79 311.806 706.398 0 352.422 741.315 741.206 817.679 266.346 905.12 684.603 365.062 378.618 673.844
626.944 427.311 355.55 670.454 821.074 764.357 492.084 869.123 677.26 813.809 539.384 408.177 713.407 658.077 328.764 376.944 838.058 532.888 558.842 352.422 0 418.091 451.844 767.793 465.979 595.84 452.174 247.925 157.176 517.97
664.019 395.619 67.6886 257.593 762.758 535.926 607.665 757.023 674.761 676.967 252.488 270.089 601.935 731.313 322.129 119.609 420.158 800.511 425.657 741.315 418.091 0 547.029 687.745 740.424 181.432 243.356 627.084 523.65 395.275
1051.48 169.672 532.93 764.286 1218.82 1065.96 60.7092 1243.69 1090.91 1173.57 787.076 729.523 1081.99 1093.95 226.05 608.689 873.231 979.434 905.463 741.206 451.844 547.029 0 1153.96 913.233 695.848 740.492 397.951 362.868 865.942
210.729 1043.21 660.37 696.209 77.7222 273.911 1208.61 107.158 141.473 104.944 459.102 433.01 90.6687 262.976 943.194 578.792 826.79 599.668 262.346 817.679 767.793 687.745 1153.96 0 593.947 686.361 444.757 1001.69 923.805 296.165
384.251 889.507 675.124 927.537 604.179 756.399 947.558 697.083 454.599 686.74 692.079 537.199 597.256 355.006 786.264 635.902 1103.37 67.0317 552.783 266.346 465.979 740.424 913.233 593.947 0 870.209 599.271 588.803 564.659 531.375
717.544 531.757 240.304 76.2281 764.076 473.166 756.178 732.907 710.393 648.248 231.015 343.773 595.785 792.25 479.753 240.571 244.942 924.955 442.543 905.12 595.84 181.432 695.848 686.361 870.209 0 289.309 808.489 705.078 426.52
434.046 611.011 218.71 334.277 519.449 329.368 798.947 518.094 436.416 440.927 98.0739 62.7069 360.221 506.523 518.335 136.81 506.779 648.744 182.448 684.603 452.174 243.356 740.492 444.757 599.271 289.309 0 698.292 599.855 152.565
841.752 468.82 573.409 884.674 1049.08 1012.21 408.304 1105.6 899.098 1054.9 782.377 655.938 953.623 859.417 411.332 611.231 1041.23 649.031 804.958 365.062 247.925 627.084 397.951 1001.69 588.803 808.489 698.292 0 103.651 764.367
776.022 398.533 469.764 781.238 975.486 918.216 388.113 1025.75 829.292 970.972 681.761 560.24 870.502 801.294 326.44 508.677 938.819 628.941 715.288 378.618 157.176 523.65 362.868 923.805 564.659 705.078 599.855 103.651 0 674.288
291.655 748.567 364.41 457.49 369.026 255.337 922.322 378.327 286.011 308.26 198.869 137.796 216.883 367.644 650.374 283.144 617.98 569.314 41.2345 673.844 517.97 395.275 865.942 296.165 531.375 426.52 152.565 764.367 674.288 0
