3 1.33429e-05 0.000676286
6 1.22857e-05 9.41143e-05
9 2.19143e-05 0.000110643
12 3.35714e-05 0.000133686
15 4.90286e-05 0.0001469
18 7.39714e-05 0.000180443
21 6.98e-05 0.000168886
24 7.54429e-05 0.0001825
27 8.91571e-05 0.000190386
30 9.78857e-05 0.000212571
33 0.000112686 0.0002343
36 0.000124657 0.000247329
39 0.000145271 0.000272643
42 0.000175357 0.000277829
45 0.000218729 0.000335786
48 0.000220971 0.000334929
51 0.000222714 0.000331786
54 0.000246471 0.000359471
57 0.000256714 0.000377714
60 0.000298371 0.0004288
63 0.000298743 0.000440314
66 0.000339914 0.000528014
69 0.000342629 0.000524086
72 0.000381486 0.000556114
75 0.000423986 0.000634071
78 0.000427671 0.000607143
81 0.000451229 0.000641214
84 0.000507129 0.000699414
87 0.000504129 0.000693757
90 0.000532529 0.000733714
