3 0.000676286 0.000345129 0.0003858 0.000363529 0.000216143 0.000208629 0.000190671 0.000178157 
6 9.41143e-05 0.0001264 0.000265871 0.000339871 0.000288186 0.000292614 0.0002781 0.0003424 
9 0.000110643 0.000132914 0.000210614 0.000385129 0.0004207 0.000415171 0.000439257 0.000389243 
12 0.000133686 0.000166814 0.000225471 0.000375943 0.000509943 0.000514286 0.000513829 0.000533471 
15 0.0001469 0.000217057 0.0002526 0.000376514 0.000653357 0.000642986 0.000621371 0.0006273 
18 0.000180443 0.000229686 0.000240314 0.000357129 0.0006686 0.000778829 0.0007218 0.000718143 
21 0.000168886 0.000198714 0.0002389 0.000366486 0.000674043 0.000882929 0.000895643 0.000862386 
24 0.0001825 0.000218314 0.000248814 0.000409671 0.000801143 0.0010382 0.00100244 0.00103826 
27 0.000190386 0.0002285 0.000260671 0.000399386 0.000754886 0.00113569 0.00110453 0.00119039 
30 0.000212571 0.000253857 0.000291543 0.000435843 0.000757814 0.00124669 0.00124027 0.00131609 
33 0.0002343 0.000265486 0.000330686 0.000451429 0.000752657 0.00133057 0.00132883 0.00137197 
36 0.000247329 0.000283657 0.000340386 0.000439671 0.000750471 0.00131401 0.00154023 0.00162811 
39 0.000272643 0.000312271 0.0003568 0.000509514 0.000835014 0.00134246 0.00169939 0.00173953 
42 0.000277829 0.000338543 0.000378814 0.000526257 0.000812143 0.00140303 0.00183794 0.00185393 
45 0.000335786 0.000391286 0.000438129 0.000514514 0.000846414 0.00147311 0.00194267 0.00194039 
48 0.000334929 0.000400129 0.000445714 0.000563714 0.000939529 0.00141867 0.00211194 0.00206253 
51 0.000331786 0.000415514 0.000443529 0.000553786 0.0008759 0.00141341 0.00223613 0.00215866 
54 0.000359471 0.000418629 0.0004835 0.000617971 0.000931929 0.00145613 0.00244657 0.0023708 
57 0.000377714 0.000449486 0.000478914 0.0006 0.000880257 0.00146039 0.00260899 0.00244213 
60 0.0004288 0.000480186 0.000502014 0.000645329 0.000890657 0.0015241 0.00268261 0.00267971 
63 0.000440314 0.000478986 0.000527414 0.000664157 0.000926786 0.00154863 0.00274697 0.00281566 
66 0.000528014 0.000533557 0.000580271 0.000726014 0.000974714 0.00173394 0.00292964 0.00294017 
69 0.000524086 0.000560414 0.000582371 0.000767643 0.000979971 0.00160159 0.00293916 0.00313726 
72 0.000556114 0.000608957 0.000622529 0.000847314 0.00104799 0.00159764 0.0028479 0.00331481 
75 0.000634071 0.0006306 0.000694357 0.000880486 0.00123206 0.0017985 0.00296809 0.00346349 
78 0.000607143 0.000613886 0.000670486 0.00105383 0.00111823 0.00165283 0.0029463 0.00363837 
81 0.000641214 0.000639114 0.000830771 0.0009282 0.00134027 0.00197197 0.00306244 0.00375374 
84 0.000699414 0.000724957 0.000808986 0.00117959 0.00125731 0.0017956 0.00302353 0.0038102 
87 0.000693757 0.0007304 0.000840171 0.0010494 0.00133514 0.0018196 0.00331109 0.00400351 
90 0.000733714 0.000730871 0.0008144 0.0012364 0.0014038 0.00187086 0.00319856 0.00443761 
