10 1.335 1.1
15 1.24 1.38
20 1.62 2.065
25 1.865 2.165
30 2.205 2.715
35 2.515 3.42
40 3.45 4.205
45 4.55 4.455
50 4.4 5.27
55 4.005 5.4
60 4.325 5.745
65 4.91 6.06
70 5.095 6.595
75 5.76 6.93
80 5.615 7.32
85 6.64 7.565
90 5.955 7.225
95 6.035 8.09
100 6.455 7.72
105 6.485 7.83
110 6.795 9.665
115 7.92 8.81
120 8 9.27
125 8.455 9.455
130 8.33 11.225
135 8.99 11.39
140 10.53 11.74
145 9.71 13.25
150 10.295 11.55
155 15.34 33.03
160 27.79 26.785
165 25.98 27.98
170 29.26 22.625
175 11.125 13.565
180 11.685 13.86
185 12.4 15.18
190 12.835 14.705
195 12.68 14.79
200 13.47 15.23
